pppp 817 52576 6 0
ISBN 999 21581 0 7
ISBN 997 15021 0 0
ISBN 960 42505 9 0
ISBN 230 64061 5 3
ISBN 809 02734 1 6
ISBN 853 59027 7 5
ISBN 184 35602 8 3
ISBN 068 48432 8 5
ISBN 085 13104 1 9
ISBN 188 87999 7 6
ISBN 938 69542 1 4
ISBN 094 23260 4 2
ISBN 085 13104 1 9
ISBN 188 87999 7 6
ISBN 938 69532 1 4
ISBN 094 33960 4 2
ISBN 085 13104 1 9
ISBN 188 87999 7 6
ISBN 938 69542 1 4
ISBN 094 33960 4 2
ISBN 905 13104 1 9
ISBN 188 87999 7 6
ISBN 938 69542 1 4
ISBN 094 33960 4 2
ISBN 085 32304 1 3
ISBN 188 87999 7 6
ISBN 938 69542 1 4
ISBN 094 33960 4 2
ISBN 085 13104 1 9
ISBN 188 87999 7 6
ISBN 938 69542 1 4
ISBN 094 33960 4 2