------------------------------------------------------------------------
No	|	ISBN-10 number		|	ISBN-13 number
------------------------------------------------------------------------
1	|	pppp 817 52576 6 0	|	pppp 978 817 52576 6 5
2	|	ISBN 999 21581 0 7	|	ISBN 978 999 21581 0 4
3	|	ISBN 997 15021 0 0	|	ISBN 978 997 15021 0 2
4	|	ISBN 960 42505 9 0	|	ISBN 978 960 42505 9 2
5	|	ISBN 230 64061 5 3	|	Invalid
6	|	ISBN 809 02734 1 6	|	ISBN 978 809 02734 1 2
7	|	ISBN 853 59027 7 5	|	ISBN 978 853 59027 7 8
8	|	ISBN 184 35602 8 3	|	ISBN 978 184 35602 8 9
9	|	ISBN 068 48432 8 5	|	ISBN 978 068 48432 8 5
10	|	ISBN 085 13104 1 9	|	ISBN 978 085 13104 1 1
11	|	ISBN 188 87999 7 6	|	Invalid
12	|	ISBN 938 69542 1 4	|	ISBN 978 938 69542 1 3
13	|	ISBN 094 23260 4 2	|	Invalid
14	|	ISBN 085 13104 1 9	|	ISBN 978 085 13104 1 1
15	|	ISBN 188 87999 7 6	|	Invalid
16	|	ISBN 938 69532 1 4	|	Invalid
17	|	ISBN 094 33960 4 2	|	ISBN 978 094 33960 4 0
18	|	ISBN 085 13104 1 9	|	ISBN 978 085 13104 1 1
19	|	ISBN 188 87999 7 6	|	Invalid
20	|	ISBN 938 69542 1 4	|	ISBN 978 938 69542 1 3
21	|	ISBN 094 33960 4 2	|	ISBN 978 094 33960 4 0
22	|	ISBN 905 13104 1 9	|	Invalid
23	|	ISBN 188 87999 7 6	|	Invalid
24	|	ISBN 938 69542 1 4	|	ISBN 978 938 69542 1 3
25	|	ISBN 094 33960 4 2	|	ISBN 978 094 33960 4 0
26	|	ISBN 085 32304 1 3	|	Invalid
27	|	ISBN 188 87999 7 6	|	Invalid
28	|	ISBN 938 69542 1 4	|	ISBN 978 938 69542 1 3
29	|	ISBN 094 33960 4 2	|	ISBN 978 094 33960 4 0
30	|	ISBN 085 13104 1 9	|	ISBN 978 085 13104 1 1
31	|	ISBN 188 87999 7 6	|	Invalid
32	|	ISBN 938 69542 1 4	|	ISBN 978 938 69542 1 3
33	|	ISBN 094 33960 4 2	|	ISBN 978 094 33960 4 0
------------------------------------------------------------------------
33 book(s) in total
22 book(s) successfully converted
11 book(s) invalid
